#dist (cm)	xi			T(K)		n_H (cm^-3)
 5.1433E+22  3.6478E-10  2.5659E+04  7.0000E-05  
 1.5430E+23  2.5098E-09  2.6051E+04  7.0000E-05  
 2.5717E+23  6.6184E-09  2.6767E+04  7.0000E-05  
 3.6003E+23  1.2588E-08  2.7406E+04  7.0000E-05  
 4.6290E+23  2.0287E-08  2.7970E+04  7.0000E-05  
 5.6577E+23  2.9640E-08  2.8470E+04  7.0000E-05  
 6.6863E+23  4.0730E-08  2.8919E+04  7.0000E-05  
 7.7150E+23  5.3323E-08  2.9328E+04  7.0000E-05  
 8.7437E+23  6.7537E-08  2.9701E+04  7.0000E-05  
 9.7723E+23  8.3476E-08  3.0047E+04  7.0000E-05  
 1.0801E+24  1.0044E-07  3.0367E+04  7.0000E-05  
 1.1830E+24  1.1980E-07  3.0667E+04  7.0000E-05  
 1.2858E+24  1.3985E-07  3.0948E+04  7.0000E-05  
 1.3887E+24  1.6139E-07  3.1212E+04  7.0000E-05  
 1.4916E+24  1.8383E-07  3.1462E+04  7.0000E-05  
 1.5944E+24  2.0868E-07  3.1700E+04  7.0000E-05  
 1.6973E+24  2.3658E-07  3.1926E+04  7.0000E-05  
 1.8002E+24  2.6066E-07  3.2139E+04  7.0000E-05  
 1.9030E+24  2.9281E-07  3.2345E+04  7.0000E-05  
 2.0059E+24  3.2017E-07  3.2540E+04  7.0000E-05  
 2.1088E+24  3.5205E-07  3.2727E+04  7.0000E-05  
 2.2116E+24  3.8636E-07  3.2907E+04  7.0000E-05  
 2.3145E+24  4.2173E-07  3.3079E+04  7.0000E-05  
 2.4174E+24  4.5775E-07  3.3243E+04  7.0000E-05  
 2.5202E+24  4.9168E-07  3.3401E+04  7.0000E-05  
 2.6231E+24  5.3072E-07  3.3553E+04  7.0000E-05  
 2.7260E+24  5.7121E-07  3.3699E+04  7.0000E-05  
 2.8288E+24  6.1340E-07  3.3840E+04  7.0000E-05  
 2.9317E+24  6.5212E-07  3.3974E+04  7.0000E-05  
 3.0346E+24  6.9444E-07  3.4104E+04  7.0000E-05  
 3.1374E+24  7.3970E-07  3.4228E+04  7.0000E-05  
 3.2403E+24  7.8772E-07  3.4347E+04  7.0000E-05  
 3.3432E+24  8.3838E-07  3.4461E+04  7.0000E-05  
 3.4460E+24  8.9302E-07  3.4571E+04  7.0000E-05  
 3.5489E+24  9.3044E-07  3.4676E+04  7.0000E-05  
 3.6518E+24  9.8186E-07  3.4776E+04  7.0000E-05  
 3.7546E+24  1.0439E-06  3.4872E+04  7.0000E-05  
 3.8575E+24  1.1056E-06  3.4964E+04  7.0000E-05  
 3.9604E+24  1.1363E-06  3.5051E+04  7.0000E-05  
 4.0632E+24  1.2102E-06  3.5134E+04  7.0000E-05  
 4.1661E+24  1.2790E-06  3.5214E+04  7.0000E-05  
 4.2690E+24  1.3093E-06  3.5288E+04  7.0000E-05  
 4.3718E+24  1.3977E-06  3.5359E+04  7.0000E-05  
 4.4747E+24  1.4466E-06  3.5427E+04  7.0000E-05  
 4.5776E+24  1.5086E-06  3.5489E+04  7.0000E-05  
 4.6804E+24  1.6008E-06  3.5549E+04  7.0000E-05  
 4.7833E+24  1.6230E-06  3.5604E+04  7.0000E-05  
 4.8862E+24  1.7441E-06  3.5656E+04  7.0000E-05  
 4.9890E+24  1.7566E-06  3.5705E+04  7.0000E-05  
 5.0919E+24  1.8790E-06  3.5748E+04  7.0000E-05  
 5.1948E+24  1.9081E-06  3.5790E+04  7.0000E-05  
 5.2976E+24  2.0241E-06  3.5826E+04  7.0000E-05  
 5.4005E+24  2.0601E-06  3.5861E+04  7.0000E-05  
 5.5034E+24  2.1809E-06  3.5890E+04  7.0000E-05  
 5.6062E+24  2.2118E-06  3.5918E+04  7.0000E-05  
 5.7091E+24  2.3521E-06  3.5941E+04  7.0000E-05  
 5.8120E+24  2.3626E-06  3.5962E+04  7.0000E-05  
 5.9148E+24  2.5409E-06  3.5978E+04  7.0000E-05  
 6.0177E+24  2.5106E-06  3.5993E+04  7.0000E-05  
 6.1206E+24  2.6989E-06  3.6003E+04  7.0000E-05  
 6.2234E+24  2.7080E-06  3.6012E+04  7.0000E-05  
 6.3263E+24  2.8480E-06  3.6017E+04  7.0000E-05  
 6.4292E+24  2.9357E-06  3.6018E+04  7.0000E-05  
 6.5320E+24  2.9956E-06  3.6018E+04  7.0000E-05  
 6.6349E+24  3.1911E-06  3.6013E+04  7.0000E-05  
 6.7378E+24  3.1388E-06  3.6008E+04  7.0000E-05  
 6.8406E+24  3.3494E-06  3.5999E+04  7.0000E-05  
 6.9435E+24  3.4064E-06  3.5987E+04  7.0000E-05  
 7.0464E+24  3.4910E-06  3.5974E+04  7.0000E-05  
 7.1492E+24  3.7230E-06  3.5956E+04  7.0000E-05  
 7.2521E+24  3.6309E-06  3.5939E+04  7.0000E-05  
 7.3550E+24  3.8542E-06  3.5918E+04  7.0000E-05  
 7.4578E+24  3.9919E-06  3.5894E+04  7.0000E-05  
 7.5607E+24  3.9902E-06  3.5870E+04  7.0000E-05  
 7.6636E+24  4.2294E-06  3.5842E+04  7.0000E-05  
 7.7664E+24  4.2818E-06  3.5813E+04  7.0000E-05  
 7.8693E+24  4.3593E-06  3.5782E+04  7.0000E-05  
 7.9722E+24  4.6139E-06  3.5749E+04  7.0000E-05  
 8.0750E+24  4.6028E-06  3.5715E+04  7.0000E-05  
 8.1779E+24  4.7345E-06  3.5679E+04  7.0000E-05  
 8.2808E+24  5.0049E-06  3.5640E+04  7.0000E-05  
 8.3836E+24  4.9628E-06  3.5601E+04  7.0000E-05  
 8.4865E+24  5.1163E-06  3.5560E+04  7.0000E-05  
 8.5894E+24  5.3982E-06  3.5517E+04  7.0000E-05  
 8.6922E+24  5.3715E-06  3.5474E+04  7.0000E-05  
 8.7951E+24  5.5029E-06  3.5430E+04  7.0000E-05  
 8.8980E+24  5.7921E-06  3.5383E+04  7.0000E-05  
 9.0008E+24  5.8381E-06  3.5336E+04  7.0000E-05  
 9.1037E+24  5.8911E-06  3.5288E+04  7.0000E-05  
 9.2066E+24  6.1880E-06  3.5239E+04  7.0000E-05  
 9.3094E+24  6.3738E-06  3.5189E+04  7.0000E-05  
 9.4123E+24  6.2783E-06  3.5138E+04  7.0000E-05  
 9.5152E+24  6.5850E-06  3.5086E+04  7.0000E-05  
 9.6180E+24  6.9296E-06  3.5033E+04  7.0000E-05  
 9.7209E+24  6.7240E-06  3.4980E+04  7.0000E-05  
 9.8238E+24  6.9877E-06  3.4925E+04  7.0000E-05  
 9.9266E+24  7.3218E-06  3.4871E+04  7.0000E-05  
 1.0030E+25  7.4213E-06  3.4815E+04  7.0000E-05  
 1.0132E+25  7.3870E-06  3.4759E+04  7.0000E-05  
 1.0235E+25  7.7264E-06  3.4703E+04  7.0000E-05  
 1.0338E+25  8.1154E-06  3.4645E+04  7.0000E-05  
 1.0441E+25  7.9023E-06  3.4587E+04  7.0000E-05  
 1.0544E+25  8.1481E-06  3.4529E+04  7.0000E-05  
 1.0647E+25  8.5204E-06  3.4469E+04  7.0000E-05  
 1.0750E+25  8.8349E-06  3.4408E+04  7.0000E-05  
 1.0852E+25  8.5651E-06  3.4345E+04  7.0000E-05  
 1.0955E+25  8.9546E-06  3.4279E+04  7.0000E-05  
 1.1058E+25  9.3682E-06  3.4211E+04  7.0000E-05  
 1.1161E+25  9.5367E-06  3.4137E+04  7.0000E-05  
 1.1264E+25  9.4229E-06  3.4057E+04  7.0000E-05  
 1.1367E+25  9.8650E-06  3.3967E+04  7.0000E-05  
 1.1470E+25  1.0369E-05  3.3865E+04  7.0000E-05  
 1.1573E+25  1.0476E-05  3.3746E+04  7.0000E-05  
 1.1675E+25  1.0551E-05  3.3605E+04  7.0000E-05  
 1.1778E+25  1.1149E-05  3.3435E+04  7.0000E-05  
 1.1881E+25  1.1884E-05  3.3228E+04  7.0000E-05  
 1.1984E+25  1.1977E-05  3.2977E+04  7.0000E-05  
 1.2087E+25  1.2433E-05  3.2674E+04  7.0000E-05  
 1.2190E+25  1.3398E-05  3.2315E+04  7.0000E-05  
 1.2293E+25  1.4466E-05  3.1896E+04  7.0000E-05  
 1.2395E+25  1.4387E-05  3.1419E+04  7.0000E-05  
 1.2498E+25  1.6191E-05  3.0891E+04  7.0000E-05  
 1.2601E+25  2.3226E-05  3.0322E+04  7.0000E-05  
 1.2704E+25  8.6033E-05  2.9723E+04  7.0000E-05  
 1.2807E+25  7.0393E-04  2.9105E+04  7.0000E-05  
 1.2910E+25  6.0972E-03  2.8469E+04  7.0000E-05  
 1.3013E+25  3.4961E-02  2.7718E+04  7.0000E-05  
 1.3116E+25  8.6535E-02  2.6581E+04  7.0000E-05  
 1.3218E+25  1.2048E-01  2.5311E+04  7.0000E-05  
 1.3321E+25  1.3800E-01  2.4268E+04  7.0000E-05  
 1.3424E+25  1.4793E-01  2.3437E+04  7.0000E-05  
 1.3527E+25  1.5401E-01  2.2762E+04  7.0000E-05  
 1.3630E+25  1.5793E-01  2.2206E+04  7.0000E-05  
 1.3733E+25  1.6057E-01  2.1741E+04  7.0000E-05  
 1.3836E+25  1.6241E-01  2.1348E+04  7.0000E-05  
 1.3938E+25  1.6373E-01  2.1010E+04  7.0000E-05  
 1.4041E+25  1.6472E-01  2.0714E+04  7.0000E-05  
 1.4144E+25  1.6547E-01  2.0453E+04  7.0000E-05  
 1.4247E+25  1.6607E-01  2.0220E+04  7.0000E-05  
 1.4350E+25  1.6656E-01  2.0007E+04  7.0000E-05  
 1.4453E+25  1.6696E-01  1.9815E+04  7.0000E-05  
 1.4556E+25  1.6731E-01  1.9632E+04  7.0000E-05  
 1.4659E+25  1.6761E-01  1.9462E+04  7.0000E-05  
 1.4761E+25  1.6787E-01  1.9299E+04  7.0000E-05  
 1.4864E+25  1.6811E-01  1.9146E+04  7.0000E-05  
 1.4967E+25  1.6832E-01  1.8996E+04  7.0000E-05  
 1.5070E+25  1.6851E-01  1.8858E+04  7.0000E-05  
 1.5173E+25  1.6868E-01  1.8720E+04  7.0000E-05  
 1.5276E+25  1.6884E-01  1.8592E+04  7.0000E-05  
 1.5379E+25  1.6899E-01  1.8467E+04  7.0000E-05  
 1.5481E+25  1.6913E-01  1.8345E+04  7.0000E-05  
 1.5584E+25  1.6926E-01  1.8231E+04  7.0000E-05  
 1.5687E+25  1.6938E-01  1.8119E+04  7.0000E-05  
 1.5790E+25  1.6949E-01  1.8010E+04  7.0000E-05  
 1.5893E+25  1.6960E-01  1.7908E+04  7.0000E-05  
 1.5996E+25  1.6969E-01  1.7807E+04  7.0000E-05  
 1.6099E+25  1.6979E-01  1.7709E+04  7.0000E-05  
 1.6202E+25  1.6988E-01  1.7616E+04  7.0000E-05  
 1.6304E+25  1.6996E-01  1.7527E+04  7.0000E-05  
 1.6407E+25  1.7004E-01  1.7437E+04  7.0000E-05  
 1.6510E+25  1.7011E-01  1.7352E+04  7.0000E-05  
 1.6613E+25  1.7018E-01  1.7272E+04  7.0000E-05  
 1.6716E+25  1.7025E-01  1.7193E+04  7.0000E-05  
 1.6819E+25  1.7031E-01  1.7114E+04  7.0000E-05  
 1.6922E+25  1.7037E-01  1.7040E+04  7.0000E-05  
 1.7024E+25  1.7043E-01  1.6969E+04  7.0000E-05  
 1.7127E+25  1.7048E-01  1.6900E+04  7.0000E-05  
 1.7230E+25  1.7053E-01  1.6831E+04  7.0000E-05  
 1.7333E+25  1.7058E-01  1.6765E+04  7.0000E-05  
 1.7436E+25  1.7063E-01  1.6702E+04  7.0000E-05  
 1.7539E+25  1.7068E-01  1.6641E+04  7.0000E-05  
 1.7642E+25  1.7072E-01  1.6581E+04  7.0000E-05  
 1.7745E+25  1.7076E-01  1.6522E+04  7.0000E-05  
 1.7847E+25  1.7080E-01  1.6466E+04  7.0000E-05  
 1.7950E+25  1.7084E-01  1.6412E+04  7.0000E-05  
 1.8053E+25  1.7087E-01  1.6360E+04  7.0000E-05  
 1.8156E+25  1.7091E-01  1.6309E+04  7.0000E-05  
 1.8259E+25  1.7094E-01  1.6259E+04  7.0000E-05  
 1.8362E+25  1.7097E-01  1.6210E+04  7.0000E-05  
 1.8465E+25  1.7100E-01  1.6164E+04  7.0000E-05  
 1.8567E+25  1.7103E-01  1.6119E+04  7.0000E-05  
 1.8670E+25  1.7106E-01  1.6076E+04  7.0000E-05  
 1.8773E+25  1.7109E-01  1.6033E+04  7.0000E-05  
 1.8876E+25  1.7112E-01  1.5991E+04  7.0000E-05  
 1.8979E+25  1.7114E-01  1.5951E+04  7.0000E-05  
 1.9082E+25  1.7116E-01  1.5912E+04  7.0000E-05  
 1.9185E+25  1.7119E-01  1.5875E+04  7.0000E-05  
 1.9288E+25  1.7121E-01  1.5839E+04  7.0000E-05  
 1.9390E+25  1.7123E-01  1.5804E+04  7.0000E-05  
 1.9493E+25  1.7125E-01  1.5768E+04  7.0000E-05  
 1.9596E+25  1.7128E-01  1.5734E+04  7.0000E-05  
 1.9699E+25  1.7130E-01  1.5702E+04  7.0000E-05  
 1.9802E+25  1.7131E-01  1.5670E+04  7.0000E-05  
 1.9905E+25  1.7133E-01  1.5639E+04  7.0000E-05  
 2.0008E+25  1.7135E-01  1.5609E+04  7.0000E-05  
 2.0110E+25  1.7137E-01  1.5579E+04  7.0000E-05  
 2.0213E+25  1.7139E-01  1.5549E+04  7.0000E-05  
 2.0316E+25  1.7140E-01  1.5520E+04  7.0000E-05  
 2.0419E+25  1.7142E-01  1.5493E+04  7.0000E-05  
 2.0522E+25  1.7143E-01  1.5465E+04  7.0000E-05  
 2.0625E+25  1.7145E-01  1.5439E+04  7.0000E-05  
 2.0728E+25  1.7146E-01  1.5413E+04  7.0000E-05  
 2.0831E+25  1.7148E-01  1.5387E+04  7.0000E-05  
 2.0933E+25  1.7149E-01  1.5363E+04  7.0000E-05  
 2.1036E+25  1.7151E-01  1.5338E+04  7.0000E-05  
 2.1139E+25  1.7152E-01  1.5314E+04  7.0000E-05  
 2.1242E+25  1.7153E-01  1.5291E+04  7.0000E-05  
 2.1345E+25  1.7154E-01  1.5269E+04  7.0000E-05  
 2.1448E+25  1.7156E-01  1.5246E+04  7.0000E-05  
 2.1551E+25  1.7157E-01  1.5225E+04  7.0000E-05  
 2.1653E+25  1.7158E-01  1.5203E+04  7.0000E-05  
 2.1756E+25  1.7159E-01  1.5182E+04  7.0000E-05  
 2.1859E+25  1.7160E-01  1.5162E+04  7.0000E-05  
 2.1962E+25  1.7161E-01  1.5141E+04  7.0000E-05  
 2.2065E+25  1.7162E-01  1.5121E+04  7.0000E-05  
 2.2168E+25  1.7163E-01  1.5102E+04  7.0000E-05  
 2.2271E+25  1.7164E-01  1.5084E+04  7.0000E-05  
 2.2374E+25  1.7165E-01  1.5065E+04  7.0000E-05  
 2.2476E+25  1.7166E-01  1.5047E+04  7.0000E-05  
 2.2579E+25  1.7167E-01  1.5029E+04  7.0000E-05  
 2.2682E+25  1.7168E-01  1.5012E+04  7.0000E-05  
 2.2785E+25  1.7169E-01  1.4995E+04  7.0000E-05  
 2.2888E+25  1.7170E-01  1.4979E+04  7.0000E-05  
 2.2991E+25  1.7171E-01  1.4962E+04  7.0000E-05  
 2.3094E+25  1.7171E-01  1.4946E+04  7.0000E-05  
 2.3196E+25  1.7172E-01  1.4931E+04  7.0000E-05  
 2.3299E+25  1.7173E-01  1.4917E+04  7.0000E-05  
 2.3402E+25  1.7174E-01  1.4902E+04  7.0000E-05  
 2.3505E+25  1.7174E-01  1.4887E+04  7.0000E-05  
 2.3608E+25  1.7175E-01  1.4873E+04  7.0000E-05  
 2.3711E+25  1.7176E-01  1.4859E+04  7.0000E-05  
 2.3814E+25  1.7176E-01  1.4845E+04  7.0000E-05  
 2.3917E+25  1.7177E-01  1.4832E+04  7.0000E-05  
 2.4019E+25  1.7178E-01  1.4819E+04  7.0000E-05  
 2.4122E+25  1.7178E-01  1.4806E+04  7.0000E-05  
 2.4225E+25  1.7179E-01  1.4793E+04  7.0000E-05  
 2.4328E+25  1.7179E-01  1.4781E+04  7.0000E-05  
 2.4431E+25  1.7180E-01  1.4769E+04  7.0000E-05  
 2.4534E+25  1.7181E-01  1.4757E+04  7.0000E-05  
 2.4637E+25  1.7181E-01  1.4745E+04  7.0000E-05  
 2.4739E+25  1.7182E-01  1.4733E+04  7.0000E-05  
 2.4842E+25  1.7182E-01  1.4721E+04  7.0000E-05  
 2.4945E+25  1.7183E-01  1.4710E+04  7.0000E-05  
 2.5048E+25  1.7183E-01  1.4698E+04  7.0000E-05  
 2.5151E+25  1.7184E-01  1.4687E+04  7.0000E-05  
 2.5254E+25  1.7184E-01  1.4676E+04  7.0000E-05  
 2.5357E+25  1.7185E-01  1.4666E+04  7.0000E-05  
 2.5460E+25  1.7185E-01  1.4655E+04  7.0000E-05  
 2.5562E+25  1.7186E-01  1.4645E+04  7.0000E-05  
 2.5665E+25  1.7186E-01  1.4636E+04  7.0000E-05  
 2.5768E+25  1.7187E-01  1.4626E+04  7.0000E-05  
 2.5871E+25  1.7187E-01  1.4617E+04  7.0000E-05  
 2.5974E+25  1.7187E-01  1.4607E+04  7.0000E-05  
 2.6077E+25  1.7188E-01  1.4598E+04  7.0000E-05  
 2.6180E+25  1.7188E-01  1.4589E+04  7.0000E-05  
 2.6282E+25  1.7189E-01  1.4579E+04  7.0000E-05  
 2.6385E+25  1.7189E-01  1.4571E+04  7.0000E-05  
 2.6488E+25  1.7189E-01  1.4562E+04  7.0000E-05  
 2.6591E+25  1.7190E-01  1.4553E+04  7.0000E-05  
 2.6694E+25  1.7190E-01  1.4545E+04  7.0000E-05  
 2.6797E+25  1.7191E-01  1.4537E+04  7.0000E-05  
 2.6900E+25  1.7191E-01  1.4529E+04  7.0000E-05  
 2.7003E+25  1.7191E-01  1.4521E+04  7.0000E-05  
 2.7105E+25  1.7192E-01  1.4513E+04  7.0000E-05  
 2.7208E+25  1.7192E-01  1.4506E+04  7.0000E-05  
 2.7311E+25  1.7192E-01  1.4499E+04  7.0000E-05  
 2.7414E+25  1.7193E-01  1.4491E+04  7.0000E-05  
 2.7517E+25  1.7193E-01  1.4484E+04  7.0000E-05  
 2.7620E+25  1.7193E-01  1.4477E+04  7.0000E-05  
 2.7723E+25  1.7193E-01  1.4470E+04  7.0000E-05  
 2.7825E+25  1.7194E-01  1.4463E+04  7.0000E-05  
 2.7928E+25  1.7194E-01  1.4456E+04  7.0000E-05  
 2.8031E+25  1.7194E-01  1.4449E+04  7.0000E-05  
 2.8134E+25  1.7195E-01  1.4442E+04  7.0000E-05  
 2.8237E+25  1.7195E-01  1.4436E+04  7.0000E-05  
 2.8340E+25  1.7195E-01  1.4430E+04  7.0000E-05  
 2.8443E+25  1.7195E-01  1.4423E+04  7.0000E-05  
 2.8546E+25  1.7196E-01  1.4417E+04  7.0000E-05  
 2.8648E+25  1.7196E-01  1.4411E+04  7.0000E-05  
 2.8751E+25  1.7196E-01  1.4406E+04  7.0000E-05  
 2.8854E+25  1.7197E-01  1.4400E+04  7.0000E-05  
 2.8957E+25  1.7197E-01  1.4394E+04  7.0000E-05  
 2.9060E+25  1.7197E-01  1.4388E+04  7.0000E-05  
 2.9163E+25  1.7197E-01  1.4383E+04  7.0000E-05  
 2.9266E+25  1.7197E-01  1.4377E+04  7.0000E-05  
 2.9368E+25  1.7198E-01  1.4371E+04  7.0000E-05  
 2.9471E+25  1.7198E-01  1.4366E+04  7.0000E-05  
 2.9574E+25  1.7198E-01  1.4361E+04  7.0000E-05  
 2.9677E+25  1.7198E-01  1.4355E+04  7.0000E-05  
 2.9780E+25  1.7199E-01  1.4350E+04  7.0000E-05  
 2.9883E+25  1.7199E-01  1.4345E+04  7.0000E-05  
 2.9986E+25  1.7199E-01  1.4340E+04  7.0000E-05  
 3.0089E+25  1.7199E-01  1.4335E+04  7.0000E-05  
 3.0191E+25  1.7199E-01  1.4330E+04  7.0000E-05  
 3.0294E+25  1.7200E-01  1.4325E+04  7.0000E-05  
 3.0397E+25  1.7200E-01  1.4321E+04  7.0000E-05  
 3.0500E+25  1.7200E-01  1.4316E+04  7.0000E-05  
 3.0603E+25  1.7200E-01  1.4312E+04  7.0000E-05  
 3.0706E+25  1.7200E-01  1.4307E+04  7.0000E-05  
 3.0809E+25  1.7201E-01  1.4303E+04  7.0000E-05  

